2850
8391
2467
2901
4804
2177
4912
7002
85
6758
104
156
2519
2386
8122
7992
3656
6898
8572
1082
7944
8016
663
7411
9641
8016
2463
5014
5919
7366
7050
9695
1351
8433
7651
8720
4179
88
6262
9866
9619
5088
8443
5172
2336
391
9744
8555
3761
7856
7326
4343
3793
1499
8206
53
7640
8320
2228
4502
6309
2536
5977
7715
1581
760
1847
5803
285
6923
5966
8747
7948
747
1172
1881
7100
2092
7624
4542
5087
277
8455
9933
309
8092
7512
7539
7908
7724
322
237
7889
4022
8413
9793
1146
2961
5958
6122
1846
8079
6140
2451
9588
8542
8951
3263
3200
4551
632
7363
7844
2598
4651
5377
9259
9415
9002
2978
8400
2361
5435
6750
3494
2130
8778
923
6033
863
5745
0
2465
3590
9571
7317
862
2234
5048
1417
2879
682
4626
7647
4517
8439
6527
3351
8916
2063
2727
452
3506
5947
9653
2351
6120
9825
8259
1767
7046
6279
5982
8546
9906
4901
7352
3205
4944
4565
7452
1884
5678
3338
5116
9831
582
9754
3254
9410
7511
6026
7749
1567
3053
7620
5604
8385
1116
4391
589
1559
6748
1900
3856
2196
7134
6672
7215
1655
2989
9251
4630
2300
3440
5227
1608
670
7596
1829
4196
3351
5558
7162
6646
6965
4421
9850
8298
6459
6758
4904
2060
5041
3209
146
5355
153
585
9099
8859
3328
3625
2070
9850
4636
5306
4993
3338
1736
6697
3004
3613
233
5525
1236
6175
4396
5118
2817
3613
6495
9113
4888
435
3209
7776
5518
6323
3238
5734
8106
4450
7746
9480
4884
8332
4481
9919
7376
4936
3129
1522
9890
6
3277
9577
2957
1300
1752
2108
7916
5920
50
7050
9147
1752
6321
8709
2659
141
1150
5306
5104
7990
7731
6654
7793
7297
9311
4916
2108
1700
230
9900
1787
9346
1015
5589
1975
5369
7595
8899
8687
9783
3527
2604
6597
5069
1678
8028
8053
4668
1511
3832
4627
7164
4246
5695
6928
4508
6633
1869
7017
99
721
7657
6940
8485
9835
302
7543
8129
9370
4791
8159
7031
1235
9476
5385
1463
8117
569
5417
8516
4003
1333
6117
5816
3359
3759
9573
7825
5588
7437
7978
7193
5600
3791
2584
6915
4556
5208
129
4481
9098
6476
4431
7891
9162
3365
9549
2858
809
4368
3091
4698
70
6868
4412
8894
3490
8275
8437
4069
2068
104
4021
554
3286
8816
5075
1537
6975
9702
6281
9309
5805
855
1859
8575
2367
6788
1604
5913
8189
1493
7829
5489
5013
7562
1674
9921
5715
3549
4196
6315
5532
4067
9276
5353
5703
3538
978
8834
3511
1436
5859
7513
1929
2906
480
912
263
5732
4785
3994
9191
6556
3173
6557
4564
4922
852
8102
1655
770
6372
6727
161
1282
5492
187
6647
6407
1881
4522
698
1232
8866
2824
5377
3962
1850
7608
6454
2554
7705
5135
843
5673
4343
6643
471
153
463
9841
768
3654
3307
7949
2294
3496
6930
4532
1306
4949
1115
6142
7065
6131
5596
4656
9338
9499
1363
3213
5519
8953
3936
5261
6043
3104
8654
4869
7601
2170
9133
4486
1588
6541
2221
850
9504
9738
3928
2232
3348
7663
8796
3121
1115
5131
1779
83
3158
977
8881
6115
6247
9782
4138
2935
1836
3749
6926
7257
9239
3794
1475
7064
6006
6380
9436
1769
2307
8251
5211
6619
586
9864
9584
6135
4738
7644
6237
2790
1786
4497
6648
8124
7218
3157
8651
8419
563
9804
3116
8851
5788
5237
2772
5372
4794
1621
8815
2470
3859
8480
8047
2608
8079
6486
2412
6645
9075
985
1644
9164
8299
6205
3627
5918
5187
585
5079
6147
9619
4090
3179
7061
5189
1046
4182
7702
6996
6077
6567
9598
7699
1148
8904
3132
2647
5164
2116
3021
4881
4247
8613
3115
2972
9114
3742
8301
6767
7990
9298
7740
3280
5649
6752
8741
2278
4473
5676
4794
3385
6729
4538
6019
5368
148
3721
4307
3878
2509
202
5909
9105
7545
3148
9797
4625
7485
7574
2619
5610
273
5104
1266
302
4982
5230
1174
7970
2595
569
2556
139
1211
5148
8716
3013
4411
1512
6825
5600
6335
4821
2065
1255
3060
7157
1711
3102
5448
6198
8766
6535
5006
6213
5624
9121
5885
6313
5037
9278
2376
2259
7119
2000
8313
1152
8810
7743
7942
2984
7969
2089
8229
4454
9187
5159
5228
5172
9245
4839
4961
4963
5977
571
6960
9732
6468
2478
6923
4134
8444
8206
6667
9836
7960
1995
9909
842
8019
8506
4296
8844
4192
6502
6547
7171
2881
1460
5299
2365
5346
3217
698
7392
8160
4362
827
8339
1960
1399
4226
3960
6746
5126
3857
4970
651
2528
1444
639
7242
7657
2054
3130
1738
8633
7181
8064
1902
9026
9648
5940
52
238
8057
7393
2024
7527
2069
1220
4537
7666
3799
2484
7864
6441
3805
2255
9436
8451
1963
9602
2515
4226
1092
3508
9715
3960
3799
5071
3647
6279
4325
6061
1973
2052
7840
6059
4547
9111
1359
8188
2506
354
4207
1741
2443
8619
1076
7184
4030
7848
925
2151
2162
7046
3365
255
1903
6598
8437
2055
1702
2373
9590
1915
4106
2150
7957
7585
680
4686
1760
8095
1297
1547
652
8743
8728
6514
809
9345
2599
6692
9037
7299
2252
8652
9213
3967
2081
2599
4523
2953
2569
7233
9064
6500
246
296
730
9096
248
7007
6777
6769
8192
9905
7684
5911
354
7920
5537
7014
8953
1081
1409
7034
3252
5382
753
184
8094
2576
6477
4139
6332
8862
6831
9242
7615
1710
5461
1219
6985
6511
1969
8310
6716
3401
2217
6272
6174
8089
8287
2259
1337
781
2011
9326
398
9193
9973
5454
250
1139
4447
2321
9329
2209
2942
8162
7255
5757
2953
6214
6766
7121
9321
2258
9913
7077
8017
5943
6638
9411
8392
267
1914
1155
6689
1237
9855
3800
2972
5717
3993
3782
8453
4414
7822
718
3225
9056
5235
4887
4345
7926
5131
9195
3416
9657
1514
7403
5087
5839
4920
1040
1823
132
8658
9103
3958
9347
4938
9000
7962
8961
5966
5980
8483
3782
5670
9432
3718
569
9863
6610
4747
3622
5093
4126
9296
5807
2357
6926
7686
1613
8240
1124
8825
6081
7939
6581
7998
8523
835
2845
6836
5605
7998
8920
9533
4798
3005
1732
8710
5343
3222
3137
4690
4139
8686
9745
1301
3799
3740
3890
4556
8227
3928
7909
5002
3941
5874
3530
252
3425
7631
6586
7534
7623
3533
9217
7063
4713
3256
4918
2351
8006
1558
2984
978
9560
1517
4662
5500
7447
6980
1083
8707
4648
5702
1669
773
3461
3203
3792
2406
7402
6288
4772
6459
5513
3871
7128
8341
3851
7770
6593
1157
5588
4441
3083
1710
4962
1043
7874
249
6753
6257
1533
6721
9517
8317
120
2398
326
7033
2333
8783
9657
7533
3519
1824
8481
5912
4994
8796
409
9607
26
1963
3820
1028
4734
8940
8043
3398
9208
351
1963
4006
2621
9369
472
7841
8180
426
8746
6937
8148
9307
9811
1927
5822
5024
6113
1467
7956
1422
8038
6692
1124
5254
1410
8747
3462
9967
3306
4761
5966
1234
9207
7848
7725
4447
5517
2199
2267
3485
9030
8984
2121
8238
3307
9075
8566
6592
5150
7261
2992
4032
2631
6020
8981
5818
1961
7185
261
7211
1632
5856
6629
5783
8378
875
8307
6470
6143
2738
5185
6538
8558
5879
5040
6988
2581
7206
347
7604
7628
5554
1196
8614
7423
7227
735
537
9271
5355
9329
4020
6419
4655
1844
3890
3416
4419
1634
4932
5218
6070
6491
4741
9494
6813
686
6489
1782
2819
8160
6478
9647
7214
1067
2997
6227
6269
3654
7162
3102
1453
2589
4462
3351
315
3277
5606
8597
6068
7998
6588
7563
4232
5325
7043
4498
701
8133
3641
2529
7887
2202
3941
6107
9189
1393
9343
1462
4815
8831
8447
7395
1403
8125
9053
7663
8151
2453
7016
8997
3681
9116
1026
701
4171
5899
9032
9173
5610
5355
2592
8891
5357
7772
3371
3236
650
9747
3882
1260
6228
206
1740
4362
8137
2581
5
8575
3016
303
1467
8715
1135
4126
6490
6541
1091
984
2951
4277
3225
4995
5762
4215
449
9756
4852
4382
7186
1379
1704
5706
6192
3447
2182
1959
9658
2058
522
2156
1952
3856
2708
2461
882
9482
1688
6877
996
3465
4949
2900
5966
369
4163
9881
6479
5148
2725
5484
1089
4807
6446
9699
4519
7453
6753
3598
4067
8734
6320
7833
6197
8236
5142
3950
8238
6562
6224
7940
8979
2241
2325
9176
6444
9993
5575
4150
2012
1808
3186
9220
4027
3074
8689
6587
8078
3829
2880
5827
5384
3287
8491
8618
6922
9446
8694
6721
6263
6700
8646
5108
2242
2678
1660
2083
2152
2463
8498
8337
8074
2557
7278
4232
5939
3592
1940
9367
8424
6274
1543
7306
7149
5864
4128
7812
3972
7875
9975
3660
3056
7579
1358
3153
7800
3033
5054
2410
855
4328
5720
4031
9280
9015
5693
5870
9966
9197
9098
3595
6905
2538
6699
215
4934
837
5457
9419
7526
8119
7934
2449
1662
8931
1388
4767
438
9217
2781
8593
9323
8310
6366
7635
5951
8210
5317
6472
4416
357
281
6921
6358
750
1088
381
4998
1186
6739
5041
8980
3990
8638
4453
5909
9481
8836
2723
3602
8224
9472
8413
3592
9935
5798
6769
5693
689
2167
3515
6301
485
5587
9527
9330
3861
121
7954
9842
9363
1562
8013
4882
2547
892
8460
7097
7903
8474
3153
1359
715
6697
4031
9044
4630
3061
8718
8669
4921
3385
2843
968
5231
990
9161
2897
6561
9451
2200
5438
7661
6955
2368
4549
738
2748
2442
2029
1259
8211
9755
6929
4293
5436
3022
8353
7695
2527
605
9491
3453
9135
5164
9655
2873
1053
8146
4600
9495
1561
2388
893
6131
7896
2576
736
7289
6145
6659
1894
5680
1521
8056
541
5668
9550
9901
1028
158
7673
4323
243
5106
3676
338
5020
4214
3011
2294
2137
5834
4152
8203
2373
5416
4998
4464
3175
4490
6095
9115
2616
7234
4857
1657
9254
5529
8179
8240
9057
7624
821
3315
9986
5404
7173
2225
4476
7354
4854
5306
6074
3375
8491
5295
1336
7954
6234
3381
8686
2537
8939
7078
3095
5045
4687
3956
8816
7723
9150
9642
3195
7583
3257
7633
9987
3983
2206
8620
8922
5369
1113
2369
4543
2778
4151
6853
8923
4212
5478
2482
8746
1067
553
8119
6935
5533
2088
6317
3967
9244
8611
6945
4424
793
9415
9090
8267
8350
2777
809
2796
9927
9136
4784
4474
6478
879
7473
1826
2707
1456
1084
926
4996
9980
2756
7467
7967
6022
2774
3352
3713
3431
631
8874
3689
3332
1034
7852
8270
733
4554
468
7817
4831
4602
2129
4001
6040
343
7952
2225
9850
6790
9550
2152
6665
5663
3432
9373
1598
3782
7470
141
6302
9474
6982
403
9173
7275
828
6498
3852
8949
8551
4226
3353
2179
2983
6996
5542
6730
1819
788
9466
388
9407
4266
1347
2958
9026
3341
533
3774
4069
3413
6187
740
8688
6763
1180
7531
3391
5679
3114
9404
1721
7173
9396
9152
4433
6910
8444
3376
6085
3854
1554
5339
6788
7999
7726
9123
4477
2898
6589
7908
98
61
1603
9218
9467
6469
1487
126
8455
5113
4348
6612
5517
8696
6883
4324
7857
6145
6942
3948
931
5749
488
7454
2641
1083
6976
7171
6524
2688
2412
1548
1096
1160
1001
8512
2284
1270
4513
6743
2922
3683
6342
2481
3353
4479
2858
6868
9981
6321
9089
8401
7816
3980
3006
3634
8586
257
3018
1154
3892
3339
4852
7160
5387
1467
1394
9266
8487
3184
1109
4314
2491
2786
635
3799
9807
4700
781
5955
7113
9220
1481
4644
9322
1240
6106
1738
7748
3638
6883
2852
8201
9719
875
9503
5711
5674
4209
8844
8400
729
5649
9084
3022
6234
4127
6522
5300
5220
8832
534
2327
1980
2793
6218
3243
9483
9855
3978
8450
1917
2893
9997
9871
1385
7363
4434
7417
6312
6555
1585
8971
6372
24
3216
8376
9215
3367
1438
4220
7276
7751
7295
8365
2285
5525
6869
3712
2507
7088
7927
8136
2236
6636
1249
2042
5156
4210
1559
2332
1610
660
7687
8411
4213
8957
6282
9516
3412
3415
5863
4682
8327
5447
8789
3342
637
4946
8442
5757
6138
2499
9156
8395
7365
9237
3
6093
6108
490
1442
956
5812
1422
4544
598
2672
8454
6591
1854
9293
7570
2249
3379
6953
1138
7961
5822
590
4356
9181
1350
574
5899
550
2910
3788
4347
2377
4109
3525
145
3814
8574
5801
6736
4962
5518
2810
9206
99
7378
9152
733
935
7467
7014
2621
4609
2834
4452
1326
1826
1598
6554
5820
672
2869
9686
8739
2005
9294
8915
8170
2247
9684
2078
7676
399
2311
8821
8673
4697
685
5423
9035
9815
7206
1394
6716
4609
3469
9653
3781
5773
9610
3810
2697
6791
9892
2759
5617
1853
1572
7098
776
9818
821
6039
2406
269
6471
2535
9882
8309
2370
6238
1345
7323
3624
7713
131
1996
7315
9491
3404
8897
318
7947
7928
3437
8176
7011
5176
2835
9378
3951
1473
1234
1810
3367
8195
862
8688
9011
4311
6139
7270
7075
4338
1272
6116
4440
9863
8422
7529
9282
9016
2628
1918
1223
2380
9273
5100
3021
1404
8508
2862
9924
3000
1363
1649
6435
9719
8439
7047
8973
7019
5248
3707
1392
2963
2082
8719
3690
5770
2628
6034
1351
8092
1273
7917
5548
6313
1244
7404
6234
850
4813
8810
1167
3425
4818
8357
6590
9253
1004
2624
1401
3162
1112
7591
6681
951
3613
781
8763
1873
1881
9714
950
7309
1763
1744
9372
9699
4348
4885
3325
2094
6696
4283
5475
672
9234
4386
8030
7618
7073
4783
8364
2984
5973
1165
195
2131
9213
2786
6735
8880
729
9677
899
9471
1303
2779
2205
4766
8685
6137
235
5299
4386
84
4900
392
6776
7772
741
5249
1241
823
1896
1961
6478
8370
9266
8138
9142
6450
250
3548
8073
5976
6337
4053
4618
2242
3026
7182
9410
8047
40
8950
5726
7531
3318
3215
8519
4248
4087
374
5802
5325
3123
1185
1332
1336
1306
8817
8620
6448
7072
3047
7901
4582
901
4003
9918
633
2672
9463
6687
2856
3431
5722
3442
4114
7822
1560
8004
6985
2169
8135
6583
1957
8832
9252
1773
6069
7454
5244
6307
7233
3430
8743
1047
2523
2067
6286
9064
6659
2953
5725
297
1690
5389
8244
7649
5294
6830
6903
7538
131
1711
1525
6467
8755
9347
5334
1245
2093
499
9214
702
665
4174
5102
6158
8795
4398
9498
5500
9606
9619
5956
1667
4711
4462
9399
1534
466
4044
1072
9205
2427
2541
5863
2324
2091
7632
2811
7878
1282
2797
8059
627
3195
8622
9778
8835
9099
7243
2522
974
2371
2048
688
9489
566
125
6296
8511
8836
747
4343
4978
3924
3430
8719
7852
2352
9563
2328
4303
5130
1167
2152
9028
2925
9433
3285
1884
8926
4109
2146
1793
8769
566
3430
2888
3272
5328
8650
2662
1222
3135
4864
8828
82
4991
